%YAML:1.0
---
left_matrix: !!opencv-matrix
   rows: 3
   cols: 3
   dt: d
   data: [ 2.3370487929665342e+02, 0., 1.5399186494595114e+02, 0.,
       2.3339592382659220e+02, 1.1587101407547030e+02, 0., 0., 1. ]
left_coeff: !!opencv-matrix
   rows: 1
   cols: 5
   dt: d
   data: [ 1.3705987130161845e-01, -1.9114939344495041e-01,
       7.3279336966344940e-04, 4.6631244890800455e-04, 0. ]
right_matrix: !!opencv-matrix
   rows: 3
   cols: 3
   dt: d
   data: [ 2.3345248397754989e+02, 0., 1.7043988982859557e+02, 0.,
       2.3344979750984109e+02, 1.3051833597989767e+02, 0., 0., 1. ]
right_coeff: !!opencv-matrix
   rows: 1
   cols: 5
   dt: d
   data: [ 1.3743696872758956e-01, -1.9070505108425725e-01,
       6.4678778565761510e-05, 5.9751084073230397e-04, 0. ]
R: !!opencv-matrix
   rows: 3
   cols: 3
   dt: d
   data: [ 9.9999249549933344e-01, 1.3849766140396221e-03,
       -3.6181189578381730e-03, -1.3769943679715650e-03,
       9.9999661486404745e-01, 2.2077470315825104e-03,
       3.6211643880220677e-03, -2.2027483341158470e-03,
       9.9999101749378250e-01 ]
T: !!opencv-matrix
   rows: 3
   cols: 1
   dt: d
   data: [ -3.2188025453058209e+01, 1.2394874315817239e-01,
       1.2311918504441220e-01 ]
Pl: !!opencv-matrix
   rows: 3
   cols: 4
   dt: d
   data: [ 2.5702708242799463e+02, 0., 1.6489315414428711e+02, 0., 0.,
       2.5702708242799463e+02, 1.2375452423095703e+02, 0., 0., 0., 1.,
       0. ]
Rl: !!opencv-matrix
   rows: 3
   cols: 3
   dt: d
   data: [ 9.9996921806694206e-01, -2.4573205201290421e-03,
       -7.4514759913723314e-03, 2.4654994786102134e-03,
       9.9999636807875936e-01, 1.0886420952353993e-03,
       7.4487737856387109e-03, -1.1069801948988954e-03,
       9.9997164477995992e-01 ]
Rr: !!opencv-matrix
   rows: 3
   cols: 3
   dt: d
   data: [ 9.9998527079237365e-01, -3.8507151571673020e-03,
       -3.8249432782351141e-03, 3.8465137235567004e-03,
       9.9999199142255990e-01, -1.1051800384615650e-03,
       3.8291683794061740e-03, 1.0904510632237659e-03,
       9.9999207416159097e-01 ]
Pr: !!opencv-matrix
   rows: 3
   cols: 4
   dt: d
   data: [ 2.5702708242799463e+02, 0., 1.6489315414428711e+02,
       -8.2733161307086302e+03, 0., 2.5702708242799463e+02,
       1.2375452423095703e+02, 0., 0., 0., 1., 0. ]
Q: !!opencv-matrix
   rows: 4
   cols: 4
   dt: d
   data: [ 1., 0., 0., -1.6489315414428711e+02, 0., 1., 0.,
       -1.2375452423095703e+02, 0., 0., 0., 2.5702708242799463e+02, 0.,
       0., 3.1066996397486817e-02, 0. ]
