%YAML:1.0
---
left_matrix: !!opencv-matrix
   rows: 3
   cols: 3
   dt: d
   data: [ 2.3589040711440032e+02, 0., 1.6645043594824494e+02, 0.,
       2.3578671871209667e+02, 9.7480922638208256e+01, 0., 0., 1. ]
left_coeff: !!opencv-matrix
   rows: 1
   cols: 5
   dt: d
   data: [ 1.3452622752158716e-01, -1.9638494284886804e-01,
       1.8916506529056561e-04, 7.0106199648878125e-04, 0. ]
right_matrix: !!opencv-matrix
   rows: 3
   cols: 3
   dt: d
   data: [ 2.3510755244008885e+02, 0., 1.6263886719258377e+02, 0.,
       2.3509354231538674e+02, 1.1491368460468620e+02, 0., 0., 1. ]
right_coeff: !!opencv-matrix
   rows: 1
   cols: 5
   dt: d
   data: [ 1.3580773723852457e-01, -1.9400028002030073e-01,
       9.8620804109907090e-04, 5.9758010949391936e-04, 0. ]
R: !!opencv-matrix
   rows: 3
   cols: 3
   dt: d
   data: [ 9.9994717372979725e-01, -8.6628750690998391e-03,
       5.5321194248593095e-03, 8.6720315623100754e-03,
       9.9996106331965184e-01, -1.6333135695837421e-03,
       -5.5177548310916379e-03, 1.6812020019786353e-03,
       9.9998336383234676e-01 ]
T: !!opencv-matrix
   rows: 3
   cols: 1
   dt: d
   data: [ -3.2059878798717250e+01, -2.3898381802358079e-01,
       9.0207321934151083e-02 ]
Pl: !!opencv-matrix
   rows: 3
   cols: 4
   dt: d
   data: [ 2.6192886499815029e+02, 0., 1.6595865058898926e+02, 0., 0.,
       2.6192886499815029e+02, 1.0461217784881592e+02, 0., 0., 0., 1.,
       0. ]
Rl: !!opencv-matrix
   rows: 3
   cols: 3
   dt: d
   data: [ 9.9999560188871117e-01, -1.2135614736722665e-03,
       2.7061913797766591e-03, 1.2158148522485733e-03,
       9.9999891546174191e-01, -8.3118565003728801e-04,
       -2.7051797499262169e-03, 8.3447222206286663e-04,
       9.9999599282128693e-01 ]
Rr: !!opencv-matrix
   rows: 3
   cols: 3
   dt: d
   data: [ 9.9996825975617720e-01, 7.4540591410288291e-03,
       -2.8136244462466002e-03, -7.4517132668741951e-03,
       9.9997187999519432e-01, 8.4331978808222820e-04,
       2.8198314826888182e-03, -8.2232669829242699e-04,
       9.9999568615530077e-01 ]
Pr: !!opencv-matrix
   rows: 3
   cols: 4
   dt: d
   data: [ 2.6192886499815029e+02, 0., 1.6595865058898926e+02,
       -8.3976742099532385e+03, 0., 2.6192886499815029e+02,
       1.0461217784881592e+02, 0., 0., 0., 1., 0. ]
Q: !!opencv-matrix
   rows: 4
   cols: 4
   dt: d
   data: [ 1., 0., 0., -1.6595865058898926e+02, 0., 1., 0.,
       -1.0461217784881592e+02, 0., 0., 0., 2.6192886499815029e+02, 0.,
       0., 3.1190643796076584e-02, 0. ]
