%YAML:1.0
---
left_matrix: !!opencv-matrix
   rows: 3
   cols: 3
   dt: d
   data: [ 2.3295301728779913e+02, 0., 1.5412693230738125e+02, 0.,
       2.3262141170061494e+02, 1.1604298874755335e+02, 0., 0., 1. ]
left_coeff: !!opencv-matrix
   rows: 1
   cols: 5
   dt: d
   data: [ 1.3625199977677199e-01, -1.8979005492419862e-01,
       8.1142301561285880e-04, 3.8833009175960164e-04, 0. ]
right_matrix: !!opencv-matrix
   rows: 3
   cols: 3
   dt: d
   data: [ 2.3275999592107121e+02, 0., 1.7037175982297182e+02, 0.,
       2.3272618824862005e+02, 1.3054850686799324e+02, 0., 0., 1. ]
right_coeff: !!opencv-matrix
   rows: 1
   cols: 5
   dt: d
   data: [ 1.3726451089249683e-01, -1.9111852147051692e-01,
       8.7048382805633882e-05, 4.0773201575327391e-04, 0. ]
R: !!opencv-matrix
   rows: 3
   cols: 3
   dt: d
   data: [ 9.9999307568396789e-01, 1.3184893200684142e-03,
       -3.4799669572900824e-03, -1.3099634055336871e-03,
       9.9999613794200537e-01, 2.4511419670951180e-03,
       3.4831853219614729e-03, -2.4465663652469905e-03,
       9.9999094082547879e-01 ]
T: !!opencv-matrix
   rows: 3
   cols: 1
   dt: d
   data: [ -3.1851340394875102e+01, 3.7371042358321255e-01,
       2.5585107538046237e-01 ]
Pl: !!opencv-matrix
   rows: 3
   cols: 4
   dt: d
   data: [ 2.5823022334535932e+02, 0., 1.6630277442932129e+02, 0., 0.,
       2.5823022334535932e+02, 1.2395686435699463e+02, 0., 0., 0., 1.,
       0. ]
Rl: !!opencv-matrix
   rows: 3
   cols: 3
   dt: d
   data: [ 9.9987939049612728e-01, -1.0393719757997816e-02,
       -1.1540149508791222e-02, 1.0407694037476505e-02,
       9.9994517543733352e-01, 1.1515313379997481e-03,
       1.1527548131121576e-02, -1.2714987976106119e-03,
       9.9993274720097669e-01 ]
Rr: !!opencv-matrix
   rows: 3
   cols: 3
   dt: d
   data: [ 9.9989892234571309e-01, -1.1731771573117035e-02,
       -8.0318508226777142e-03, 1.1722031714778227e-02,
       9.9993050245954196e-01, -1.2586594001379502e-03,
       8.0460589333709882e-03, 1.1643825677264423e-03,
       9.9996695202835406e-01 ]
Pr: !!opencv-matrix
   rows: 3
   cols: 4
   dt: d
   data: [ 2.5823022334535932e+02, 0., 1.6630277442932129e+02,
       -8.2258101896162389e+03, 0., 2.5823022334535932e+02,
       1.2395686435699463e+02, 0., 0., 0., 1., 0. ]
Q: !!opencv-matrix
   rows: 4
   cols: 4
   dt: d
   data: [ 1., 0., 0., -1.6630277442932129e+02, 0., 1., 0.,
       -1.2395686435699463e+02, 0., 0., 0., 2.5823022334535932e+02, 0.,
       0., 3.1392679552870478e-02, 0. ]
